Robot start position:
	point: 
  x: -2.92992591858
  y: 2.82538104057
  z: 0.00636291503906


Resturant position:
    point: 
  x: -6.386510849
  y: -0.99866604805
  z: -0.000555038452148


Customer location:
point: 
  x: -4.62662029266
  y: -5.01337146759
  z: 0.00162124633789


